200
-13.4987
-14.3462
-15.1728
-15.9632
-16.7133
-17.4306
-18.1374
-18.8791
-19.7464
-20.9408
-22.7871
-24.2473
-25.9374
-25.8305
-26.2527
-27.7672
-26.6326
-27.1006
-27.4032
-26.3833
-25.3798
-24.2528
-23.7811
-23.6339
-23.6453
-23.7513
-23.9374
-24.2299
-24.7121
-25.5934
-27.1597
-28.2392
-29.6659
-29.1092
-29.5266
-30.6135
-29.2563
-29.7359
-29.5867
-28.4874
-27.2339
-26.0356
-25.4717
-25.2154
-25.1149
-25.1117
-25.195
-25.3947
-25.8021
-26.6449
-28.1535
-29.0869
-30.3884
-29.6095
-30.1735
-30.9065
-29.5196
-30.0929
-29.5881
-28.4977
-27.0795
-25.8798
-25.2795
-24.9639
-24.7944
-24.7181
-24.7277
-24.8577
-25.2078
-26.0253
-27.4568
-28.2679
-29.3751
-28.4218
-29.0994
-29.4008
-28.0054
-28.5885
-27.6906
-26.5344
-24.8965
-23.6142
-22.8834
-22.4053
-22.0522
-21.7753
-21.5696
-21.4725
-21.5914
-22.1917
-23.3024
-23.7799
-24.3637
-23.0034
-23.4479
-22.9352
-21.2062
-21.3902
-19.8597
-18.6305
-16.9099
-14.369
-10.8184
-2.33854
0.375017
-6.82837
-9.94025
-12.691
-12.5344
-11.9662
-10.4301
-9.14836
-8.11572
-7.05123
-5.79094
-4.18179
-2.00672
1.13679
6.1791
15.6076
29.674
18.6468
5.05824
-0.725846
-5.68781
-7.60677
-8.39034
-10.325
-9.86799
-9.45877
-8.2286
-7.43849
-6.95526
-6.53488
-6.07241
-5.51864
-4.85309
-4.08141
-3.26216
-2.57152
-1.37745
1.36284
7.04418
19.1568
36.7013
28.9664
13.1227
3.928
0.459553
-1.65979
-2.25227
-2.91879
-3.61916
-4.2328
-4.73124
-5.12121
-5.43431
-5.73876
-6.18706
-7.09778
-7.87238
-8.26596
-7.42032
-5.54878
-4.92043
-0.869719
4.35489
12.7203
29.9645
27.2644
14.1742
7.43037
3.67358
1.30561
-0.293224
-1.41742
-2.2431
-2.9159
-3.63382
-4.72097
-5.34661
-5.52721
-3.64508
-0.153059
4.90889
11.5198
4.31822
-0.991223
-1.99584
-2.144
-1.38204
-1.00671
-0.832704
-0.738894
-0.682021
-0.644096
-0.616518
-0.594826
-0.576612
-0.560541
