268 -567 128 -258 145 336 191 -547 -1.09e+03 -472 -846 857 -261 -479 493 223 62.8 -567 -304 2.61 
980 -444 608 186 -608 201 344 289 -46.8 694 562 -124 -269 325 -1.14e+03 -65 331 -99.4 524 -24.6 
-349 -300 -887 -276 -737 -48.6 -527 597 257 448 150 -110 -204 372 -103 734 -195 465 -486 -28.6 
-480 41.9 397 -70.6 223 431 161 125 343 8.69 300 -9.72 2.27 157 454 -431 71.3 518 454 38.2 
403 304 30.2 149 60.8 99.5 50.4 55.3 75.1 -116 -81.4 -609 -101 -369 -90 295 -263 -290 -415 45 
-60.4 -78.9 109 64.1 115 -126 -28.2 -164 -105 -44.9 90.1 225 229 -92.9 125 -426 76.2 -183 156 -36.3 
-4.41 1.43 -48.1 -33.2 -70.3 -35.2 -86.1 -64.1 -101 -75.7 -75.8 12.4 28.2 74.3 27.9 118 67.9 97.5 -10.4 14.7 
0.563 -0.306 3.57 1.5 5.04 2.75 7.09 5.14 9.07 7.26 9.76 -2.07 -4.89 0.204 -0.0422 -1.29 -7.39 -6.83 2.62 -0.67 
0.000719 0.000211 -0.0438 -0.0322 -0.0703 -0.0639 -0.114 -0.112 -0.15 1.89 0.889 0.991 -0.0221 -0.0564 -0.0017 -0.0385 0.0139 0.0528 -0.00502 0.00158 
-5.21e-06 -2.5e-06 1.13e-05 -3.84e-07 7.47e-06 1.6e-06 1.32e-05 1.49e-05 1.29e-05 3.32e-05 3.87e-05 2.43e-06 1.04e-05 1.07e-05 -1.04e-05 9.46e-06 -5.83e-07 -1.29e-05 -4.54e-06 -2.3e-06 

